start_position,length,column_name
1,2,V0001
3,7,V0024
10,7,UPA_PNS
17,4,V0006_PNS
21,9,UPA
30,2,V0015
32,4,V0020
36,2,V0022
38,1,V0026
39,1,V0031
40,1,V0025
41,1,A001
42,1,A002
43,1,A003
44,1,A004
45,1,A005
46,1,A006
47,1,A007
48,1,A008
49,1,A009
50,2,A010
52,2,A011
54,1,A012
55,1,A013
56,2,A014
58,1,A015
59,1,A016
60,1,A017
61,1,A01801
62,1,A01802
63,1,A01803
64,1,A01804
65,1,A01805
66,1,A01806
67,1,A01807
68,1,A01808
69,1,A01809
70,1,A01810
71,1,A01811
72,1,A01812
73,1,A01813
74,1,A01814
75,1,A01815
76,1,A01816
77,1,A01817
78,1,A01818
79,1,A019
80,1,A020
81,1,A021
82,1,A022
83,3,A02301
86,3,A02302
89,3,A02303
92,3,A02304
95,1,A024
96,1,B001
97,1,B002
98,1,B003
99,1,B004
100,2,C001
102,2,C00301
104,2,C004
106,1,C006
107,2,C00701
109,2,C00702
111,4,C00703
115,3,C008
118,1,C009
119,1,C010
120,1,C011
121,1,C012
122,1,D001
123,1,D002
124,1,D003
125,1,D004
126,1,D005
127,1,D006
128,1,D007
129,1,D008
130,2,D009
132,1,D010
133,1,D011
134,1,D012
135,1,D013
136,1,D014
137,1,D015
138,1,E001
139,1,E002
140,1,E003
141,1,E004
142,1,E005
143,1,E006
144,1,E007
145,1,E008
146,2,E01001
148,2,E01002
150,2,E01003
152,1,E011
153,4,E01201
157,1,E014
158,5,E01501
163,1,E01601
164,8,E01602
172,1,E01603
173,8,E01604
181,1,E01605
182,3,E017
185,1,E01801
186,8,E01802
194,1,E01803
195,8,E01804
203,1,E01805
204,3,E019
207,1,E020
208,1,E021
209,1,E022
210,2,E023
212,2,E024
214,1,E025
215,2,E02501
217,2,E02502
219,1,E026
220,1,E027
221,1,F001
222,8,F00102
230,1,F007
231,8,F00702
239,1,F008
240,8,F00802
248,1,VDF001
249,8,VDF00102
257,1,G001
258,1,G002
259,2,G00201
261,1,G003
262,1,G004
263,1,G005
264,1,G006
265,1,G007
266,2,G00701
268,2,G008
270,1,G009
271,1,G010
272,1,G014
273,1,G015
274,2,G01501
276,1,G016
277,1,G017
278,1,G018
279,1,G021
280,1,G022
281,2,G02201
283,1,G023
284,1,G024
285,1,G02501
286,1,G02502
287,1,G02503
288,1,G026
289,1,G027
290,1,G032
291,1,I001
292,2,I002
294,1,I003
295,1,I004
296,1,I005
297,1,I006
298,1,I007
299,2,I00701
301,1,I008
302,2,I009
304,1,I010
305,1,I011
306,1,J001
307,1,J002
308,2,J003
310,2,J004
312,1,J005
313,2,J006
315,1,J007
316,1,J008
317,1,J009
318,2,J010
320,1,J011
321,3,J012
324,1,J013
325,1,J014
326,2,J015
328,2,J016
330,1,J017
331,1,J018
332,2,J019
334,2,J020
336,1,J021
337,1,J022
338,1,J023
339,1,J024
340,1,J025
341,1,J026
342,2,J027
344,1,J029
345,1,J030
346,1,J031
347,1,J032
348,1,J033
349,1,J034
350,1,J035
351,2,J036
353,1,J037
354,2,J038
356,1,J039
357,2,J04001
359,2,J04002
361,1,J041
362,1,J042
363,1,J043
364,1,J044
365,1,J045
366,1,J046
367,1,J047
368,1,J048
369,1,J049
370,1,J050
371,1,J051
372,1,J052
373,1,J053
374,1,J054
375,1,J055
376,1,J056
377,1,J057
378,1,J058
379,1,J059
380,1,J060
381,1,K001
382,1,K002
383,1,K003
384,1,K004
385,1,K005
386,1,K006
387,1,K007
388,1,K008
389,1,K009
390,1,K010
391,1,K011
392,1,K012
393,1,K013
394,1,K014
395,1,K015
396,1,K016
397,1,K017
398,1,K018
399,1,K019
400,1,K020
401,1,K021
402,1,K022
403,1,K023
404,1,K024
405,1,K025
406,1,K026
407,1,K027
408,1,K028
409,1,K029
410,1,K030
411,1,K031
412,1,K032
413,1,K033
414,1,K034
415,1,K035
416,1,K036
417,1,K039
418,1,K040
419,1,K041
420,1,K042
421,1,K043
422,1,K044
423,1,K045
424,1,K046
425,1,K047
426,1,K048
427,1,K049
428,1,K050
429,1,K051
430,1,K052
431,2,K053
433,1,K054
434,1,k055
435,1,K056
436,1,K057
437,1,K058
438,1,K059
439,2,K06001
441,2,K06002
443,2,K06003
445,2,K06101
447,2,K06102
449,1,K062
450,2,L00201
452,2,L00202
454,2,L00203
456,2,L003
458,1,L004
459,1,L005
460,1,L006
461,1,L007
462,1,L008
463,1,L009
464,1,L010
465,1,L011
466,1,L012
467,1,L013
468,1,L014
469,1,L015
470,2,L01613
472,2,L01614
474,4,L01615
478,2,L01616
480,2,L01617
482,4,L01618
486,2,L01619
488,2,L01620
490,4,L01621
494,2,L01622
496,2,L01623
498,4,L01624
502,1,L01701
503,1,L01702
504,1,L01703
505,1,L01704
506,1,L01705
507,1,L01706
508,1,L01707
509,1,L01708
510,1,L01709
511,1,L01710
512,1,L01711
513,1,L01712
514,1,L01713
515,1,L01714
516,1,L01715
517,1,L01716
518,1,L018
519,1,L019
520,1,L020
521,1,M001
522,1,M002
523,1,M003
524,1,M005
525,1,M006
526,1,M007
527,1,M008
528,1,M009
529,1,M010
530,1,M01101
531,1,M01102
532,1,M01103
533,1,M01104
534,1,M01105
535,1,M01106
536,1,M01107
537,1,M01108
538,2,M01301
540,2,M01302
542,2,M01303
544,2,M014
546,2,M015
548,1,M016
549,1,M017
550,1,M018
551,1,M019
552,1,N001
553,1,N002
554,1,N003
555,1,N004
556,1,N005
557,1,N006
558,1,N007
559,1,N008
560,1,N010
561,1,N011
562,1,N012
563,1,N013
564,1,N014
565,1,N015
566,1,N016
567,1,N017
568,1,N018
569,1,N019
570,1,N020
571,1,N021
572,1,N022
573,1,N023
574,1,O001
575,1,O002
576,1,O003
577,1,O004
578,1,O005
579,1,O006
580,1,O007
581,1,O008
582,1,O009
583,2,O00901
585,1,O010
586,2,O011
588,1,O012
589,1,O013
590,1,O014
591,1,O015
592,2,O016
594,1,O017
595,2,O01801
597,2,O01802
599,1,O019
600,1,O020
601,1,O021
602,2,O02101
604,1,O022
605,1,O023
606,1,O024
607,1,O025
608,1,O027
609,1,O028
610,1,O029
611,1,O030
612,1,O031
613,1,O032
614,1,O033
615,2,O034
617,1,O035
618,1,O036
619,1,O037
620,1,O038
621,1,O039
622,1,O040
623,1,O041
624,2,O042
626,1,O043
627,1,O044
628,1,O045
629,2,O046
631,1,O047
632,1,O048
633,1,P001
634,3,P00101
637,1,P002
638,1,P003
639,3,P00301
642,1,P004
643,3,P00401
646,1,P005
647,1,P006
648,1,P007
649,1,P008
650,1,P009
651,1,P010
652,1,P011
653,1,P012
654,1,P013
655,1,P014
656,1,P015
657,1,P016
658,1,P017
659,1,P018
660,1,P019
661,1,P020
662,1,P021
663,1,P022
664,1,P023
665,1,P024
666,1,P025
667,1,P026
668,1,P02601
669,1,P027
670,1,P028
671,2,P029
673,1,P030
674,2,P031
676,1,P032
677,1,P033
678,1,P034
679,1,P035
680,2,P036
682,2,P03701
684,2,P03702
686,1,P038
687,1,P039
688,1,P03901
689,2,P03902
691,2,P03903
693,1,P040
694,2,P04101
696,2,P04102
698,1,P042
699,2,P04301
701,2,P04302
703,1,P044
704,1,P04401
705,2,P04403
707,2,P04404
709,1,P045
710,1,P046
711,1,P047
712,1,P048
713,1,P049
714,1,P050
715,1,P051
716,1,P052
717,2,P053
719,1,P05401
720,2,P05402
722,2,P05403
724,1,P05404
725,2,P05405
727,2,P05406
729,1,P05407
730,2,P05408
732,2,P05409
734,1,P05410
735,2,P05411
737,2,P05412
739,1,P05413
740,2,P05414
742,2,P05415
744,1,P05416
745,2,P05417
747,2,P05418
749,1,P05419
750,2,P05421
752,2,P05422
754,1,P055
755,1,P056
756,2,P05601
758,2,P05602
760,2,P05603
762,2,P05604
764,2,P05605
766,9,P057
775,1,P058
776,2,P05801
778,2,P05802
780,2,P05901
782,2,P05902
784,2,P05903
786,2,P05904
788,1,P060
789,1,P061
790,1,P062
791,2,P063
793,1,P064
794,1,P065
795,1,P066
796,1,P067
797,1,P068
798,1,P069
799,1,P07001
800,1,P07002
801,1,P07003
802,1,P071
803,1,P072
804,1,Q001
805,1,Q002
806,2,Q003
808,1,Q004
809,1,Q005
810,1,Q006
811,1,Q007
812,1,Q008
813,1,Q009
814,1,Q010
815,1,Q011
816,2,Q012
818,1,Q013
819,1,Q014
820,1,Q015
821,1,Q016
822,1,Q017
823,1,Q01801
824,1,Q01802
825,1,Q01803
826,1,Q01804
827,1,Q01805
828,1,Q01806
829,1,Q01807
830,1,Q01808
831,1,Q01901
832,1,Q01902
833,1,Q01903
834,1,Q01904
835,1,Q01905
836,1,Q020
837,2,Q021
839,1,Q022
840,1,Q023
841,2,Q024
843,1,Q026
844,1,Q027
845,1,Q028
846,1,Q029
847,1,Q030
848,2,Q031
850,1,Q032
851,2,Q033
853,1,Q03401
854,1,Q03402
855,1,Q035
856,1,Q036
857,1,Q037
858,1,Q038
859,1,Q039
860,2,Q040
862,1,Q041
863,1,Q042
864,1,Q043
865,1,Q044
866,1,Q045
867,1,Q04601
868,1,Q04602
869,1,Q04603
870,1,Q04604
871,1,Q04605
872,1,Q04606
873,1,Q04607
874,1,Q04608
875,1,Q04609
876,1,Q04701
877,1,Q04702
878,1,Q04703
879,1,Q04704
880,1,Q04705
881,1,Q048
882,2,Q049
884,1,Q050
885,1,Q051
886,2,Q052
888,1,Q053
889,1,Q054
890,1,Q05501
891,1,Q05502
892,1,Q05503
893,1,Q05504
894,1,Q05505
895,1,Q05506
896,1,Q05507
897,1,Q05508
898,1,Q05509
899,1,Q056
900,1,Q057
901,1,Q058
902,1,Q059
903,1,Q060
904,2,Q061
906,1,Q06201
907,1,Q06202
908,1,Q06203
909,1,Q06204
910,1,Q06205
911,1,Q06206
912,1,Q063
913,1,Q06301
914,1,Q06302
915,1,Q06303
916,1,Q06304
917,2,Q064
919,1,Q06501
920,1,Q06502
921,1,Q06503
922,1,Q06504
923,1,Q066
924,1,Q067
925,1,Q068
926,2,Q069
928,2,Q070
930,1,Q071
931,1,Q07201
932,1,Q07202
933,1,Q07203
934,1,Q07204
935,1,Q07205
936,1,Q07206
937,1,Q073
938,1,Q074
939,2,Q075
941,1,Q076
942,1,Q07701
943,1,Q07702
944,1,Q078
945,1,Q079
946,2,Q080
948,1,Q08101
949,1,Q08102
950,1,Q08103
951,1,Q08104
952,1,Q08105
953,1,Q082
954,1,Q083
955,1,Q084
956,2,Q085
958,1,Q08601
959,1,Q08603
960,1,Q08604
961,1,Q08605
962,1,Q087
963,1,Q088
964,2,Q089
966,1,Q09001
967,1,Q09003
968,1,Q09004
969,1,Q09005
970,1,Q091
971,1,Q092
972,2,Q093
974,1,Q094
975,2,Q095
977,1,Q09601
978,1,Q09602
979,1,Q09603
980,1,Q097
981,1,Q098
982,1,Q100
983,1,Q101
984,2,Q102
986,1,Q103
987,1,Q104
988,1,Q105
989,1,Q106
990,1,Q107
991,2,Q108
993,1,Q109
994,1,Q110
995,1,Q11001
996,1,Q11002
997,1,Q11003
998,1,Q11004
999,2,Q111
1001,1,Q112
1002,1,Q113
1003,1,Q11401
1004,1,Q11402
1005,1,Q11403
1006,1,Q115
1007,1,Q116
1008,1,Q11601
1009,1,Q11602
1010,1,Q11603
1011,2,Q117
1013,1,Q11801
1014,1,Q11802
1015,1,Q11803
1016,1,Q11804
1017,1,Q119
1018,1,Q120
1019,1,Q121
1020,2,Q122
1022,1,Q123
1023,1,Q124
1024,2,Q125
1026,1,Q12601
1027,1,Q12602
1028,1,Q12603
1029,1,Q12604
1030,1,Q12605
1031,1,Q127
1032,1,Q128
1033,2,Q130
1035,1,Q131
1036,1,Q132
1037,2,Q133
1039,1,Q134
1040,1,Q135
1041,1,Q136
1042,2,Q137
1044,1,R001
1045,2,R002
1047,1,R003
1048,1,R004
1049,1,R005
1050,1,R006
1051,1,R007
1052,1,R008
1053,2,R009
1055,1,R010
1056,1,R011
1057,2,R012
1059,1,R013
1060,1,R014
1061,1,R015
1062,2,R016
1064,1,R017
1065,1,R018
1066,1,R019
1067,1,R020
1068,1,R021
1069,1,R022
1070,1,R023
1071,2,R024
1073,2,R025
1075,1,R026
1076,2,R027
1078,1,R028
1079,1,R029
1080,1,R030
1081,1,R031
1082,1,R032
1083,1,R033
1084,1,R034
1085,1,R035
1086,1,R03601
1087,1,R03602
1088,1,R03603
1089,1,R03604
1090,1,R03605
1091,1,R03606
1092,1,R03607
1093,1,R03608
1094,1,R03609
1095,1,R03610
1096,1,R03611
1097,1,R037
1098,1,R038
1099,1,R039
1100,2,R040
1102,1,R041
1103,2,R04101
1105,1,R042
1106,2,R04201
1108,2,R043
1110,2,R044
1112,2,R045
1114,2,R046
1116,2,R047
1118,2,R048
1120,2,R04901
1122,2,R04902
1124,4,R04903
1128,1,S001
1129,1,S002
1130,2,S003
1132,2,S004
1134,1,S005
1135,1,S006
1136,1,S007
1137,1,S008
1138,1,S009
1139,1,S01001
1140,1,S01002
1141,1,S01003
1142,1,S01004
1143,1,S01005
1144,1,S01101
1145,1,S01102
1146,1,S01103
1147,1,S012
1148,1,S013
1149,1,S01401
1150,1,S01402
1151,1,S01403
1152,1,S01404
1153,1,S01405
1154,1,S015
1155,1,S016
1156,1,S017
1157,1,S018
1158,2,S019
1160,1,S020
1161,1,S021
1162,1,S022
1163,1,S023
1164,1,S024
1165,1,S025
1166,2,S026
1168,1,S027
1169,1,S028
1170,1,S029
1171,1,S030
1172,1,S031
1173,1,S032
1174,1,S033
1175,1,S034
1176,1,S035
1177,2,S036
1179,1,S037
1180,2,S038
1182,1,S039
1183,1,S040
1184,1,S041
1185,1,S042
1186,2,S043
1188,3,S044
1191,3,S045
1194,1,S046
1195,1,S047
1196,1,S048
1197,1,S049
1198,2,S050
1200,1,S051
1201,1,S052
1202,1,S053
1203,1,S054
1204,1,S055
1205,1,S056
1206,1,S057
1207,1,S058
1208,1,U001
1209,1,U00201
1210,1,U00202
1211,1,U00203
1212,1,U004
1213,1,U005
1214,1,U006
1215,2,U009
1217,2,U010
1219,1,U011
1220,1,U014
1221,1,U015
1222,2,U01701
1224,2,U01702
1226,2,U01801
1228,2,U01802
1230,1,U019
1231,1,U020
1232,1,U021
1233,1,U022
1234,1,U023
1235,2,U02301
1237,1,U024
1238,2,U02401
1240,1,U025
1241,1,X001
1242,1,X002
1243,2,X003
1245,1,X004
1246,2,X005
1248,1,X006
1249,2,X007
1251,1,X008
1252,1,X011
1253,1,X012
1254,2,X01401
1256,2,X01402
1258,2,X01501
1260,2,X01502
1262,1,X016
1263,1,X017
1264,1,X018
1265,1,X019
1266,1,X02001
1267,1,X02002
1268,1,X02003
1269,1,X02004
1270,1,X02005
1271,1,X02006
1272,1,X02201
1273,1,X02202
1274,1,X02203
1275,1,X02204
1276,1,X02205
1277,1,X02206
1278,2,X024
1280,1,X02501
1281,1,X02502
1282,1,X02503
1283,1,X02504
1284,1,X02505
1285,1,X02506
1286,1,X02507
1287,1,X02508
1288,1,X02509
1289,1,X02510
1290,5,W00101
1295,5,W00102
1300,5,W00103
1305,5,W00201
1310,5,W00202
1315,5,W00203
1320,5,W00301
1325,5,W00302
1330,5,W00303
1335,3,W00401
1338,3,W00402
1341,3,W00403
1344,3,W00404
1347,3,W00405
1350,3,W00406
1353,5,W00407
1358,5,W00408
1363,14,V0028
1377,14,V0029
1391,14,V00281
1405,14,V00291
1419,9,V00282
1428,17,V00292
1445,3,V00283
1448,5,V00293
1453,2,VDC001
1455,2,VDC002
1457,1,VDD004
1458,1,VDD004A
1459,1,VDE001
1460,1,VDE002
1461,8,VDF002
1469,8,VDF003
1477,8,VDDATA
